Wavelength (nm) 	Jph (mA/cm2/nm)
300	2.74E-05
301	5.60E-05
302	8.76E-05
303	1.96E-04
304	2.62E-04
305	4.32E-04
306	4.89E-04
307	7.84E-04
308	9.82E-04
309	0.001042502
310	0.001452694
311	0.002089809
312	0.002415015
313	0.002706579
314	0.003162348
315	0.003227229
316	0.003482748
317	0.004516038
318	0.00462978
319	0.00514242
320	0.005800842
321	0.00631188
322	0.005689503
323	0.005989878
324	0.007281891
325	0.007889049
326	0.010342512
327	0.010298457
328	0.009539109
329	0.011797128
330	0.011941308
331	0.010929645
332	0.0116946
333	0.011209995
334	0.01155843
335	0.012360231
336	0.010779057
337	0.010499508
338	0.0120951
339	0.012794373
340	0.013714722
341	0.012906513
342	0.013719528
343	0.013814046
344	0.011370195
345	0.013163634
346	0.013425561
347	0.013553721
348	0.013419954
349	0.013250943
350	0.015426459
351	0.015279075
352	0.014269014
353	0.015516171
354	0.01732563
355	0.01715742
356	0.015372792
357	0.013198077
358	0.011945313
359	0.014947461
360	0.01685304
361	0.014957073
362	0.016305957
363	0.01734165
364	0.01767807
365	0.01923201
366	0.02167506
367	0.0211464
368	0.0197046
369	0.02134665
370	0.02139471
371	0.02110635
372	0.0197046
373	0.01766205
374	0.01668483
375	0.01871937
376	0.02025729
377	0.02286054
378	0.02570409
379	0.02150685
380	0.02219571
381	0.02225979
382	0.016817796
383	0.013798026
384	0.014111217
385	0.02040147
386	0.01967256
387	0.02013714
388	0.01977669
389	0.02261223
390	0.02511135
391	0.02697768
392	0.02298069
393	0.013617
394	0.018697743
395	0.02650509
396	0.02081799
397	0.016863453
398	0.02977317
399	0.03485952
400	0.03583674
401	0.0374067
402	0.03899268
403	0.03763098
404	0.03833586
405	0.0374868
406	0.03665376
407	0.03609306
408	0.03777516
409	0.0404505
410	0.03457116
411	0.03880044
412	0.0413316
413	0.03976164
414	0.03942522
415	0.04089906
416	0.04222872
417	0.04128354
418	0.03958542
419	0.04129956
420	0.03793536
421	0.04318992
422	0.0426933
423	0.04144374
424	0.04131558
425	0.04267728
426	0.0415719
427	0.04025826
428	0.04073886
429	0.03782322
430	0.03024576
431	0.02752236
432	0.04588128
433	0.04278942
434	0.03961746
435	0.04355838
436	0.04788378
437	0.04898916
438	0.04310982
439	0.0415719
440	0.04775562
441	0.04721094
442	0.05063922
443	0.05148828
444	0.05028678
445	0.0523053
446	0.04700268
447	0.05357088
448	0.05432382
449	0.05432382
450	0.05643846
451	0.05864922
452	0.05627826
453	0.05208102
454	0.0559899
455	0.05570154
456	0.05765598
457	0.05826474
458	0.05714334
459	0.05680692
460	0.05656662
461	0.05866524
462	0.0593541
463	0.05969052
464	0.0579924
465	0.05739966
466	0.05872932
467	0.0562302
468	0.05877738
469	0.05914584
470	0.05698314
471	0.05805648
472	0.06121242
473	0.0589536
474	0.05972256
475	0.06182118
476	0.0598347
477	0.0603153
478	0.06238188
479	0.06130854
480	0.06246198
481	0.06257412
482	0.06292656
483	0.06228576
484	0.06122844
485	0.06116436
486	0.04969404
487	0.05576562
488	0.0604755
489	0.05709528
490	0.0639198
491	0.06156486
492	0.05882544
493	0.0630387
494	0.061677
495	0.06561792
496	0.06252606
497	0.06371154
498	0.06210954
499	0.06222168
500	0.06212556
501	0.06034734
502	0.06041142
503	0.06331104
504	0.0591138
505	0.06348726
506	0.06617862
507	0.0634392
508	0.06194934
509	0.0650412
510	0.06348726
511	0.0648009
512	0.0666432
513	0.06273432
514	0.0615168
515	0.06342318
516	0.06412806
517	0.05235336
518	0.0599949
519	0.05824872
520	0.06371154
521	0.06428826
522	0.06585822
523	0.06218964
524	0.06701166
525	0.06662718
526	0.064881
527	0.05685498
528	0.0652014
529	0.06835734
530	0.06582618
531	0.06955884
532	0.06843744
533	0.06122844
534	0.06571404
535	0.06683544
536	0.06981516
537	0.0647208
538	0.068085
539	0.06653106
540	0.06436836
541	0.0619974
542	0.0676044
543	0.06661116
544	0.06907824
545	0.06763644
546	0.06713982
547	0.06813306
548	0.06630678
549	0.06851754
550	0.06810102
551	0.06814908
552	0.06967098
553	0.06781266
554	0.06927048
555	0.0697671
556	0.06869376
557	0.0671238
558	0.06869376
559	0.06510528
560	0.06637086
561	0.07034382
562	0.06709176
563	0.06975108
564	0.06850152
565	0.06906222
566	0.06542568
567	0.0698472
568	0.06933456
569	0.06774858
570	0.06790878
571	0.06579414
572	0.0696069
573	0.07002342
574	0.06978312
575	0.0683253
576	0.06787674
577	0.06970302
578	0.06766848
579	0.06877386
580	0.07005546
581	0.070488
582	0.0716895
583	0.0725706
584	0.07253856
585	0.07209
586	0.07045596
587	0.07212204
588	0.07061616
589	0.06106824
590	0.0650412
591	0.06967098
592	0.0683253
593	0.06943068
594	0.06922242
595	0.06845346
596	0.07066422
597	0.07098462
598	0.07023168
599	0.07035984
600	0.07117686
601	0.07045596
602	0.06951078
603	0.07109676
604	0.07247448
605	0.07245846
606	0.07223418
607	0.07277886
608	0.07266672
609	0.07223418
610	0.07204194
611	0.07178562
612	0.07298712
613	0.07207398
614	0.06999138
615	0.07268274
616	0.0708885
617	0.0700875
618	0.07287498
619	0.07333956
620	0.07348374
621	0.07391628
622	0.0713691
623	0.0709686
624	0.07084044
625	0.070488
626	0.07053606
627	0.07268274
628	0.06883794
629	0.07138512
630	0.07053606
631	0.0718497
632	0.06930252
633	0.0738522
634	0.07282692
635	0.07382016
636	0.0722502
637	0.07482942
638	0.0754542
639	0.07526196
640	0.07380414
641	0.07394832
642	0.07422066
643	0.07510176
644	0.0748935
645	0.07555032
646	0.07349976
647	0.0732915
648	0.07269876
649	0.07055208
650	0.0710487
651	0.07563042
652	0.0727308
653	0.07514982
654	0.07442892
655	0.07109676
656	0.06251004
657	0.06547374
658	0.07330752
659	0.073692
660	0.0742527
661	0.07406046
662	0.07356384
663	0.07380414
664	0.0745731
665	0.0760149
666	0.07606296
667	0.07563042
668	0.07599888
669	0.07744068
670	0.07647948
671	0.07644744
672	0.07550226
673	0.07627122
674	0.07627122
675	0.07575858
676	0.07675182
677	0.07615908
678	0.07668774
679	0.07614306
680	0.07638336
681	0.07619112
682	0.07667172
683	0.07595082
684	0.07556634
685	0.07572654
686	0.07412454
687	0.05349078
688	0.0619974
689	0.062478
690	0.06558588
691	0.06853356
692	0.07060014
693	0.07026372
694	0.06955884
695	0.0710487
696	0.07098462
697	0.07511778
698	0.07404444
699	0.07260264
700	0.07218612
701	0.07135308
702	0.07154532
703	0.07205796
704	0.07402842
705	0.07490952
706	0.07462116
707	0.0744129
708	0.07428474
709	0.0746532
710	0.0752139
711	0.0752139
712	0.07482942
713	0.07406046
714	0.07479738
715	0.07236234
716	0.0732114
717	0.06382368
718	0.05945022
719	0.05337864
720	0.05706324
721	0.06297462
722	0.07202592
723	0.06653106
724	0.06145272
725	0.06050754
726	0.0631188
727	0.06342318
728	0.060876
729	0.0613566
730	0.0662427
731	0.06291054
732	0.06789276
733	0.07050402
734	0.07293906
735	0.07197786
736	0.0713691
737	0.07135308
738	0.0728109
739	0.07074432
740	0.0725706
741	0.07237836
742	0.07250652
743	0.07410852
744	0.07479738
745	0.07486146
746	0.07479738
747	0.07494156
748	0.07458912
749	0.07442892
750	0.07442892
751	0.07418862
752	0.07455708
753	0.07426872
754	0.07531002
755	0.07518186
756	0.07436484
757	0.07439688
758	0.07494156
759	0.07290702
760	0.0162603
761	0.009421362
762	0.0421326
763	0.02327706
764	0.03309732
765	0.04219668
766	0.05017464
767	0.060075
768	0.06878988
769	0.06973506
770	0.07186572
771	0.07244244
772	0.07311528
773	0.07316334
774	0.07325946
775	0.07335558
776	0.0736119
777	0.07327548
778	0.07327548
779	0.073692
780	0.07298712
781	0.072891
782	0.07333956
783	0.0731313
784	0.0727308
785	0.0731313
786	0.07325946
787	0.07245846
788	0.07162542
789	0.07141716
790	0.06930252
791	0.0703278
792	0.06975108
793	0.06935058
794	0.07005546
795	0.06987924
796	0.06875784
797	0.06994332
798	0.0713691
799	0.07005546
800	0.06899814
801	0.0698472
802	0.0700074
803	0.0688059
804	0.06970302
805	0.06826122
806	0.0711288
807	0.07047198
808	0.07031178
809	0.06861366
810	0.06877386
811	0.06869376
812	0.0670437
813	0.06593832
814	0.05914584
815	0.05866524
816	0.05459616
817	0.05595786
818	0.05409954
819	0.05961042
820	0.05682294
821	0.06585822
822	0.06289452
823	0.04451958
824	0.06194934
825	0.06430428
826	0.06202944
827	0.06547374
828	0.05658264
829	0.06194934
830	0.06113232
831	0.06174108
832	0.0598347
833	0.06406398
834	0.0626382
835	0.0673641
836	0.0653616
837	0.0679248
838	0.06731604
839	0.06755634
840	0.06861366
841	0.06830928
842	0.06750828
843	0.06814908
844	0.06693156
845	0.06906222
846	0.06930252
847	0.06754032
848	0.06765246
849	0.06731604
850	0.06108426
851	0.06670728
852	0.0664029
853	0.06617862
854	0.05844096
855	0.06276636
856	0.06697962
857	0.06834132
858	0.06843744
859	0.06850152
860	0.06834132
861	0.0683253
862	0.06893406
863	0.06943068
864	0.06802092
865	0.06699564
866	0.0591138
867	0.06382368
868	0.06694758
869	0.06635484
870	0.0676845
871	0.0668034
872	0.06779664
873	0.06718788
874	0.06609852
875	0.06521742
876	0.06710778
877	0.06742818
878	0.06723594
879	0.06619464
880	0.066483
881	0.06436836
882	0.06613056
883	0.06598638
884	0.0663228
885	0.06718788
886	0.06465672
887	0.06494508
888	0.06585822
889	0.0668034
890	0.06611454
891	0.06633882
892	0.06518538
893	0.06270228
894	0.0611964
895	0.0585531
896	0.05493258
897	0.04801194
898	0.0518247
899	0.03966552
900	0.0537471
901	0.0434142
902	0.04844448
903	0.05001444
904	0.06138864
905	0.05946624
906	0.05650254
907	0.04657014
908	0.04761144
909	0.05148828
910	0.04570506
911	0.0489411
912	0.05052708
913	0.0461376
914	0.04604148
915	0.04991832
916	0.042453
917	0.05384322
918	0.04375062
919	0.05459616
920	0.05504472
921	0.05780016
922	0.05192082
923	0.05530104
924	0.05360292
925	0.05289804
926	0.05236938
927	0.05869728
928	0.04400694
929	0.04118742
930	0.03231234
931	0.03063024
932	0.02254014
933	0.01863126
934	0.010800684
935	0.01885554
936	0.012149568
937	0.012309768
938	0.015129288
939	0.0301176
940	0.03566052
941	0.02814714
942	0.03069432
943	0.02109834
944	0.02169108
945	0.02798694
946	0.014804082
947	0.02825928
948	0.0209061
949	0.03769506
950	0.011249244
951	0.03699018
952	0.0205857
953	0.02633688
954	0.03253662
955	0.0261927
956	0.0252315
957	0.020826
958	0.03551634
959	0.028836
960	0.03247254
961	0.0356445
962	0.03417066
963	0.03910482
964	0.03554838
965	0.0390888
966	0.03905676
967	0.03907278
968	0.05075136
969	0.05347476
970	0.0495018
971	0.0557496
972	0.0537471
973	0.04745124
974	0.04506426
975	0.04624974
976	0.04488804
977	0.05017464
978	0.04836438
979	0.05023872
980	0.04764348
981	0.05627826
982	0.05466024
983	0.05284998
984	0.05834484
985	0.05450004
986	0.05953032
987	0.05868126
988	0.05836086
989	0.05957838
990	0.05829678
991	0.06005898
992	0.0599148
993	0.0588735
994	0.06026724
995	0.0601551
996	0.05997888
997	0.05930604
998	0.05929002
999	0.05933808
1000	0.05912982
1001	0.0599148
1002	0.05866524
1003	0.05922594
1004	0.0583929
1005	0.05509278
1006	0.05763996
1007	0.05890554
1008	0.05892156
1009	0.0583929
1010	0.05840892
1011	0.05876136
1012	0.05848902
1013	0.05845698
1014	0.05876136
1015	0.05780016
1016	0.05810454
1017	0.05752782
1018	0.058473
1019	0.05643846
1020	0.05733558
1021	0.05760792
1022	0.05667876
1023	0.05717538
1024	0.056871
1025	0.05749578
1026	0.05744772
1027	0.05723946
1028	0.0573516
1029	0.0567909
1030	0.0571914
1031	0.05698314
1032	0.05707926
1033	0.05616612
1034	0.0565506
1035	0.0567909
1036	0.05682294
1037	0.05627826
1038	0.05607
1039	0.05650254
1040	0.05616612
1041	0.0562302
1042	0.0563103
1043	0.05579766
1044	0.05610204
1045	0.05584572
1046	0.05443596
1047	0.05530104
1048	0.05584572
1049	0.0555894
1050	0.055269
1051	0.05538114
1052	0.05509278
1053	0.05496462
1054	0.0547884
1055	0.05501268
1056	0.05488452
1057	0.05480442
1058	0.05429178
1059	0.05268978
1060	0.05419566
1061	0.05299416
1062	0.05401944
1063	0.05320242
1064	0.0540675
1065	0.05387526
1066	0.05289804
1067	0.05321844
1068	0.05320242
1069	0.05039892
1070	0.05203296
1071	0.0531063
1072	0.05304222
1073	0.05208102
1074	0.05368302
1075	0.05121594
1076	0.0531864
1077	0.05233734
1078	0.05228928
1079	0.0524655
1080	0.05187276
1081	0.05049504
1082	0.05128002
1083	0.05209704
1084	0.05043096
1085	0.05176062
1086	0.0483804
1087	0.04954986
1088	0.05188878
1089	0.05071932
1090	0.04871682
1091	0.05161644
1092	0.05103972
1093	0.04487202
1094	0.04746726
1095	0.04584924
1096	0.04434336
1097	0.05103972
1098	0.04440744
1099	0.04487202
1100	0.04296564
1101	0.04399092
1102	0.04153986
1103	0.04136364
1104	0.04150782
1105	0.04500018
1106	0.03538818
1107	0.04299768
1108	0.03703824
1109	0.03681396
1110	0.04275738
1111	0.02962098
1112	0.03697416
1113	0.02403
1114	0.02686554
1115	0.02239596
1116	0.01807056
1117	0.007151328
1118	0.01956042
1119	0.010182312
1120	0.012779154
1121	0.01675692
1122	0.0073692
1123	0.01157445
1124	0.009825066
1125	0.013051494
1126	0.004671432
1127	0.01424979
1128	0.009000036
1129	0.009615204
1130	0.006412806
1131	0.02688156
1132	0.0213066
1133	0.013967838
1134	0.003806352
1135	0.001411202
1136	0.011761884
1137	0.02632086
1138	0.01859922
1139	0.02734614
1140	0.0234693
1141	0.01773414
1142	0.02064978
1143	0.02865978
1144	0.010419408
1145	0.013445586
1146	0.014526936
1147	0.005458014
1148	0.02502324
1149	0.0201852
1150	0.011249244
1151	0.0188235
1152	0.02294064
1153	0.02207556
1154	0.013221306
1155	0.02909232
1156	0.0261126
1157	0.02926854
1158	0.02902824
1159	0.0313992
1160	0.02672136
1161	0.0324405
1162	0.03271284
1163	0.0438147
1164	0.03761496
1165	0.03639744
1166	0.03514788
1167	0.03846402
1168	0.0394092
1169	0.03977766
1170	0.04315788
1171	0.0422127
1172	0.04286952
1173	0.04304574
1174	0.0317997
1175	0.04274136
1176	0.04508028
1177	0.04471182
1178	0.03410658
1179	0.04586526
1180	0.0418122
1181	0.04322196
1182	0.03071034
1183	0.0417321
1184	0.0399699
1185	0.03881646
1186	0.04551282
1187	0.0434943
1188	0.03200796
1189	0.03974562
1190	0.04424724
1191	0.0427734
1192	0.04536864
1193	0.04359042
1194	0.0450162
1195	0.04294962
1196	0.04147578
1197	0.04592934
1198	0.04179618
1199	0.03517992
1200	0.043254
